osmfile=/build/mag/map/turistautak/balaton.osm
minlat=46.6645174
maxlat=47.0850854
minlon=17.1826172
maxlon=18.2153320
z=14
dpi=150
outname=balaton_$z
