minlat=46.8
maxlat=47.0850854
z="14 15"
dpi=0.006
outname=balaton3
minlon=17.8610937333
maxlon=18.225332
