osmfile=/build/mag/map/josm/balaton.osm
minlat=46.6645174
maxlat=47.0850854
minlon=17.1826172
maxlon=18.2153320
z="12"
dpi=0.006
outname=balaton
