minlat=46.6645174
maxlat=46.85
z="14 15"
dpi=0.006
outname=balaton1
minlon=17.1726172
maxlon=17.5368554667
