minlat=46.71
maxlat=46.97
z="14 15"
dpi=0.006
outname=balaton2
minlon=17.5168554667
maxlon=17.8810937333
