minlat=46.9061333333
maxlat=46.9157833333
minlon=18.0389666667
maxlon=18.05175
z=17
dpi=0.006
outname=siofok
